100
7203246
5103067
6735763
4936439
5
2360890
1403870
3323191
2610613
1221469
9999991
6697461
3855409
3949061
8603593
3132736
9999973
6716541
140839
7551991
1750607
9682616
9999929
3191803
5094841
6865010
9299449
9010879
9999997
9325574
9
86293
9999999
11
9999163
592432
10
2
6987083
9999998
4751053
7742461
6513281
6463741
4046177
615403
3910981
9999996
3877633
3
8763892
9999161
9999930
7762723
928009
4170220
2196613
9999162
9999931
5001361
2896297
1264969
3929879
7783893
1
983469
4461641
1281246
1144
7
9999995
6704676
4
3023326
5331653
6
3410821
10000000
4461642
390548
9309119
8248729
4125389
8184167
8873129
8697851
12
8291470
9971849
13
4572049
9987391
9999971
1862603
9516811
4461643
3702389
9999972
5388168
8
